Found 256 answers with length 19
0000100110101111000
0000100111101011000
0000101001101111000
0000101001111011000
0000101100111101000
0000101101001111000
0000101111001101000
0000101111010011000
0000110010111101000
0000110100101111000
0000110101111001000
0000110111100101000
0000111100101101000
0000111101001011000
0000111101011001000
0000111101100101000
0001001101011110000
0001001111010110000
0001010011011110000
0001010011110110000
0001011001111010000
0001011010011110000
0001011110011010000
0001011110100110000
0001100101111010000
0001101001011110000
0001101011110010000
0001101111001010000
0001111001011010000
0001111010010110000
0001111010110010000
0001111011001010000
0010000110101111001
0010000111101011001
0010011010111100001
0010011110101100001
0010100001101111001
0010100001111011001
0010100110111100001
0010100111101100001
0010110000111101001
0010110011110100001
0010110100001111001
0010110100111100001
0010111100001101001
0010111100110100001
0010111101000011001
0010111101001100001
0011000010111101001
0011001011110100001
0011010000101111001
0011010010111100001
0011010111100001001
0011010111100100001
0011011110000101001
0011011110010100001
0011110000101101001
0011110010110100001
0011110100001011001
0011110100101100001
0011110101100001001
0011110101100100001
0011110110000101001
0011110110010100001
0100001011001111010
0100001011110011010
0100001100101111010
0100001101011110010
0100001101111001010
0100001111001011010
0100001111010110010
0100001111011001010
0100101100001111010
0100101111000011010
0100110000101111010
0100110101111000010
0100110111100001010
0100111100001011010
0100111101011000010
0100111101100001010
0101000011011110010
0101000011110110010
0101001101111000010
0101001111011000010
0101100001001111010
0101100001111010010
0101100100001111010
0101100111101000010
0101101000011110010
0101101001111000010
0101111000010011010
0101111000011010010
0101111001000011010
0101111001101000010
0101111010000110010
0101111010011000010
0110000100111101011
0110000101001111011
0110000101111010011
0110000111101001011
0110010000111101011
0110010100001111011
0110010111101000011
0110011110100001011
0110100001011110011
0110100001111001011
0110100101111000011
0110100111100001011
0110101111000010011
0110101111001000011
0110111100001010011
0110111100101000011
0111100001001101011
0111100001010011011
0111100001011010011
0111100001101001011
0111100100001101011
0111100101000011011
0111100101101000011
0111100110100001011
0111101000010110011
0111101000011001011
0111101001011000011
0111101001100001011
0111101011000010011
0111101011001000011
0111101100001010011
0111101100101000011
1000010011010111100
1000010011110101100
1000010100110111100
1000010100111101100
1000010110011110100
1000010110100111100
1000010111100110100
1000010111101001100
1000011001011110100
1000011010010111100
1000011010111100100
1000011011110010100
1000011110010110100
1000011110100101100
1000011110101100100
1000011110110010100
1001000011010111100
1001000011110101100
1001010000110111100
1001010000111101100
1001011000011110100
1001011010000111100
1001011110000110100
1001011110100001100
1001100001011110100
1001101000010111100
1001101011110000100
1001101111000010100
1001111000010110100
1001111010000101100
1001111010110000100
1001111011000010100
1010000101100111101
1010000101111001101
1010000110010111101
1010000110111100101
1010000111100101101
1010000111101100101
1010010110000111101
1010010111100001101
1010011000010111101
1010011011110000101
1010011110000101101
1010011110110000101
1010110000100111101
1010110010000111101
1010111100001001101
1010111100100001101
1011000010011110101
1011000010100111101
1011000011110100101
1011001000011110101
1011001010000111101
1011001111010000101
1011010000111100101
1011010011110000101
1011110000100110101
1011110000101001101
1011110000110100101
1011110010000110101
1011110010100001101
1011110011010000101
1011110100001100101
1011110100110000101
1100001001101011110
1100001001111010110
1100001010011011110
1100001010011110110
1100001011010011110
1100001011110100110
1100001101001011110
1100001111010010110
1100100001101011110
1100100001111010110
1100101000011011110
1100101000011110110
1100101101000011110
1100101111010000110
1100110100001011110
1100111101000010110
1101000010110011110
1101000010111100110
1101000011001011110
1101000011110010110
1101001011000011110
1101001011110000110
1101001100001011110
1101001111000010110
1101011000010011110
1101011001000011110
1101011110000100110
1101011110010000110
1101100001010011110
1101100101000011110
1101111000010100110
1101111001010000110
1110000100110101111
1110000101001101111
1110000101101001111
1110000110100101111
1110010000110101111
1110010100001101111
1110010110100001111
1110011010000101111
1110100001011001111
1110100001100101111
1110100101100001111
1110100110000101111
1110101100001001111
1110101100100001111
1110110000101001111
1110110010100001111
1111000010011010111
1111000010100110111
1111000010110100111
1111000011010010111
1111001000011010111
1111001010000110111
1111001011010000111
1111001101000010111
1111010000101100111
1111010000110010111
1111010010110000111
1111010011000010111
1111010110000100111
1111010110010000111
1111011000010100111
1111011001010000111
